"id"	"Date"	"long"	"lat"
1032	2014-10-25	-121.98306	37.42966
1033	2014-10-25	-122.02244	37.46243
1034	2014-10-25	-122.02489	37.4557
1035	2014-10-25	-122.03674	37.46186
1036	2014-10-25	-121.98104	37.46221
1037	2014-10-25	-121.98274	37.46601
1038	2014-10-25	-121.98019	37.46041
1039	2014-10-25	-121.97658	37.46024
1040	2014-10-26	-121.96207	37.44455
1041	2014-10-26	-121.96461	37.4592
1042	2014-10-26	-121.9462	37.46411
1043	2014-10-26	-121.93987	37.46289
1044	2014-10-26	-121.9525	37.46251
1045	2014-10-26	-121.96486	37.46358
1046	2014-10-26	-121.94421	37.45332
1047	2014-10-26	-121.95947	37.4625
1048	2014-10-26	-121.95162	37.46141
1049	2014-11-08	-121.98306	37.42966
1050	2014-11-08	-122.02244	37.46243
1051	2014-11-08	-122.02489	37.4557
1052	2014-11-08	-122.03674	37.46186
1053	2014-11-08	-121.98019	37.46041
1054	2014-11-08	-121.98274	37.46601
1055	2014-11-08	-121.98104	37.46221
1056	2014-11-08	-121.97608	37.46187
1057	2014-11-08	-121.9751444	37.465906
1058	2014-11-08	-121.97658	37.46024
1059	2014-11-09	-121.9525	37.46251
1060	2014-11-09	-121.96207	37.44455
1061	2014-11-09	-121.96461	37.4592
1062	2014-11-09	-121.93987	37.46289
1063	2014-11-09	-121.9462	37.46411
1064	2014-11-09	-121.951484	37.467198
1065	2014-11-09	-121.94421	37.45332
1066	2014-11-09	-121.95162	37.46141
1067	2014-12-20	-121.98306	37.42966
1068	2014-12-20	-122.02244	37.46243
1069	2014-12-20	-121.98019	37.46041
1070	2014-12-20	-121.9751444	37.465906
1071	2014-12-20	-121.98104	37.46221
1072	2014-12-20	-121.98274	37.46601
1073	2014-12-20	-121.97658	37.46024
1074	2014-12-20	-121.9462	37.46411
1075	2014-12-20	-122.03674	37.46186
1076	2014-12-20	-122.02244	37.46243
1077	2014-12-20	-122.02489	37.4557
1078	2014-12-21	-121.95162	37.46141
1079	2014-12-21	-121.9462	37.46411
1080	2014-12-21	-121.96486	37.46358
1081	2014-12-21	-121.96486	37.46358
1082	2014-12-21	-121.9525	37.46251
1083	2014-12-21	-121.93987	37.46289
1084	2014-12-21	-121.9462	37.46411
1085	2014-12-21	-121.95947	37.4625
1086	2014-12-21	-121.94421	37.45332
1087	2014-12-21	-121.96597	37.45264
1088	2014-12-21	-121.96207	37.44455
1089	2015-01-04	-121.951484	37.467198
1090	2015-01-04	-121.951484	37.467198
1091	2015-01-04	-121.96486	37.46358
1092	2015-01-04	-121.952216	37.462382
1093	2015-01-04	-121.9525	37.46251
1094	2015-01-04	-121.9525	37.46251
1095	2015-01-04	-121.973978	37.453811
1164	2014-11-09	-121.95947	37.4625
1165	2014-11-09	-121.96486	37.46358
1206	2015-04-19	-121.96207	37.44455
1207	2015-04-18	-121.98306	37.42966
1208	2015-04-18	-121.99992	37.44
1209	2015-04-18	-122.02244	37.46243
1210	2015-04-18	-122.03674	37.46186
1211	2015-04-18	-122.07002	37.47272
1212	2015-04-18	-122.08282	37.484238
1213	2015-04-18	-121.98274	37.46601
1214	2015-04-18	-121.98274	37.46601
1215	2015-04-18	-121.98019	37.46041
1216	2015-04-18	-121.97658	37.46024
1217	2015-04-18	-122.02489	37.4557
1218	2015-04-19	-121.96597	37.45264
1219	2015-04-19	-121.93987	37.46289
1220	2015-04-19	-121.9462	37.46411
1221	2015-04-19	-121.95162	37.46141
1222	2015-04-19	-121.98019	37.46041
1223	2015-04-19	-121.96486	37.46358
1224	2015-04-19	-121.9525	37.46251
1225	2015-05-16	-121.98019	37.46041
1226	2015-05-16	-122.02489	37.4557
1227	2015-05-16	-121.97658	37.46024
1228	2015-05-16	-121.98274	37.46601
1229	2015-05-16	-121.97608	37.46187
1230	2015-05-16	-122.041934	37.458495
1231	2015-05-16	-122.03674	37.46186
1232	2015-05-16	-122.02244	37.46243
1233	2015-05-16	-121.99992	37.44
1234	2015-05-16	-121.98306	37.42966
1235	2015-05-16	-121.97608	37.46187
1236	2015-05-17	-121.95162	37.46141
1237	2015-05-17	-121.9462	37.46411
1238	2015-05-17	-121.93987	37.46289
1239	2015-05-16	-121.96597	37.45264
1240	2015-05-17	-121.96207	37.44455
1241	2015-05-17	-121.96461	37.4592
1242	2015-05-17	-121.9525	37.46251
1243	2015-05-17	-121.96486	37.46358
1775	2015-01-03	-122.310783	38.219717
1776	2015-01-03	-122.292783	38.2121
1777	2015-01-03	-122.42185	38.22195
1778	2015-01-03	-122.3981	38.200767
1779	2015-01-03	-122.347617	38.190583
1780	2015-01-03	-122.3426	38.189833
1781	2015-01-03	-122.32345	38.1827
1782	2015-01-03	-122.328683	38.187283
1783	2015-01-03	-122.32375	38.204267
1791	2015-01-09	-122.612553	38.227792
1792	2015-01-09	-122.583167	38.214533
1793	2015-01-09	-122.565417	38.209383
1794	2015-01-09	-122.568217	38.203667
1795	2015-01-09	-122.547383	38.194433
1796	2015-01-09	-122.477176	38.105364
1797	2015-01-22	-122.612553	38.227792
1798	2015-01-22	-122.477176	38.105364
1799	2015-01-22	-122.547383	38.194433
1800	2015-01-24	-121.98306	37.42966
1801	2015-01-24	-122.02244	37.46243
1802	2015-01-24	-122.03674	37.46186
1803	2015-01-24	-122.03674	37.46186
1804	2015-01-24	-121.98019	37.46041
1805	2015-01-24	-121.97658	37.46024
1806	2015-01-24	-121.98019	37.46041
1808	2015-01-24	-121.976764	37.461692
1809	2015-01-24	-121.98274	37.46601
1810	2015-01-24	-122.02489	37.4557
1812	2015-01-25	-121.96597	37.45264
1813	2015-01-25	-121.96461	37.4592
1814	2015-01-25	-121.95162	37.46141
1815	2015-01-25	-121.93987	37.46289
1816	2015-01-25	-121.9462	37.46411
1817	2015-01-25	-121.9525	37.46251
1818	2015-01-25	-121.96486	37.46358
1819	2015-02-04	-122.28218	38.29662
1820	2015-02-04	-122.28218	38.28177
1821	2015-02-04	-122.28463	38.26511
1822	2015-02-04	-122.28541	38.24458
1824	2015-02-04	-122.43023	38.23308
1825	2015-02-04	-122.42185	38.22195
1826	2015-02-04	-122.3981	38.200767
1827	2015-02-04	-122.42747	38.21669
1828	2015-02-04	-122.4046	38.20691
1829	2015-02-05	-122.612553	38.227792
1830	2015-02-05	-122.583167	38.214533
1831	2015-02-05	-122.565417	38.209383
1832	2015-02-05	-122.568217	38.203667
1835	2015-02-07	-121.96207	37.44455
1836	2015-02-07	-121.96597	37.45264
1837	2015-02-07	-121.96461	37.4592
1839	2015-02-07	-121.93987	37.46289
1840	2015-02-07	-121.9462	37.46411
1841	2015-02-07	-121.9525	37.46251
1842	2015-02-07	-121.96486	37.46358
1843	2015-02-07	-121.95162	37.46141
1844	2015-02-13	-122.612553	38.227792
1845	2015-02-13	-122.583167	38.214533
1846	2015-02-13	-122.565417	38.209383
1847	2015-02-13	-122.568217	38.203667
1848	2015-02-13	-122.547383	38.194433
1849	2015-02-13	-122.51256	38.12967
1850	2015-02-13	-122.52125	38.14198
1851	2015-02-13	-122.53321	38.16699
1852	2015-02-13	-122.54273	38.18334
1854	2015-02-14	-122.286	38.26634
1855	2015-02-14	-122.29369	38.25166
1856	2015-02-14	-122.30267	38.2269
1857	2015-02-14	-122.30888	38.2139
1858	2015-02-14	-122.310783	38.219717
1859	2015-02-14	-122.292783	38.2121
1862	2015-02-14	-122.33732	38.191
1863	2015-02-14	-122.34489	38.19001
2002	2015-05-29	NA	NA
2003	2015-05-29	NA	NA
2321	2015-04-23	-122.28629	38.26836
2322	2015-04-23	-122.3426	38.189833
2323	2015-04-23	-122.292783	38.2121
1864	2015-02-14	-122.31477	38.19768
1865	2015-02-15	-122.42719	38.22847
1866	2015-02-15	-122.41283	38.21991
1867	2015-02-15	-122.42696	38.21763
1868	2015-02-15	-122.40447	38.18842
1869	2015-02-15	-122.4148	38.16997
1870	2015-02-21	-122.02244	37.46243
1871	2015-02-21	-122.03674	37.46186
1872	2015-02-21	-121.98019	37.46041
1873	2015-02-21	-121.97608	37.46187
1874	2015-02-21	-121.98274	37.46601
1875	2015-02-21	-121.98104	37.46221
1876	2015-02-21	-121.97658	37.46024
1877	2015-02-21	-121.98019	37.46041
1878	2015-02-21	-122.02489	37.4557
1879	2015-02-21	-121.98306	37.42966
1880	2015-02-22	-121.96207	37.44455
1881	2015-02-22	-121.96597	37.45264
1882	2015-02-22	-121.96461	37.4592
1883	2015-02-22	-121.93987	37.46289
1884	2015-02-22	-121.9462	37.46411
1885	2015-02-22	-121.98019	37.46041
1886	2015-02-22	-121.96486	37.46358
1887	2015-02-22	-121.9525	37.46251
1888	2015-02-22	-121.95162	37.46141
1889	2015-03-06	-122.568217	38.203667
1890	2015-03-06	-122.53321	38.16699
1891	2015-03-06	-122.52125	38.14198
1892	2015-03-06	-122.51256	38.12967
1893	2015-03-05	-122.293	38.21204
1894	2015-03-05	-122.31002	38.22124
1895	2015-03-05	-122.29712	38.23093
1896	2015-03-05	-122.28762	38.23605
1897	2015-03-05	-122.2864	38.25985
1898	2015-03-05	-122.28629	38.26836
1899	2015-03-05	-122.3426	38.189833
1900	2015-03-05	-122.347617	38.190583
1901	2015-03-04	-122.404988	38.152513
1902	2015-03-04	-122.419576	38.161181
1903	2015-03-04	-122.416103	38.176197
1904	2015-03-04	-122.404931	38.188331
1905	2015-03-04	-122.4148	38.16997
1906	2015-03-04	-122.40447	38.18842
1907	2015-03-04	-122.42696	38.21763
1908	2015-03-04	-122.42719	38.22847
1909	2015-03-06	-122.612553	38.227792
1910	2015-03-06	-122.565417	38.209383
1911	2015-03-06	-122.583167	38.214533
1912	2015-03-06	-122.547383	38.194433
1913	2015-03-07	-121.98306	37.42966
1914	2015-03-07	-122.02244	37.46243
1915	2015-03-07	-121.98019	37.46041
1916	2015-03-07	-121.97658	37.46024
1917	2015-03-07	-122.02489	37.4557
1918	2015-03-07	-122.03674	37.46186
1919	2015-03-07	-121.98274	37.46601
1920	2015-03-07	-121.98104	37.46221
1921	2015-03-07	-121.97658	37.46024
1922	2015-03-07	-122.02489	37.4557
1923	2015-03-08	-121.96207	37.44455
1924	2015-03-08	-121.96597	37.45264
1925	2015-03-08	-121.96461	37.4592
1925	2015-03-08	-121.94421	37.45332
1930	2015-03-08	-121.94421	37.45332
1931	2015-03-08	-121.95162	37.46141
1932	2015-03-23	-122.31477	38.19768
1933	2015-03-23	-122.31002	38.22124
1934	2015-03-23	-122.29712	38.23093
1935	2015-03-23	-122.28762	38.23605
1936	2015-03-23	-122.28541	38.24458
1937	2015-03-23	-122.28463	38.26511
1938	2015-03-23	-122.28218	38.28177
1939	2015-03-23	-122.28218	38.29662
1940	2015-03-25	-122.42696	38.21763
1941	2015-03-25	-122.42719	38.22847
1942	2015-03-25	-122.40447	38.18842
1943	2015-03-25	-122.4148	38.16997
1944	2015-03-24	-122.612553	38.227792
1945	2015-03-24	-122.568217	38.203667
1946	2015-03-24	-122.565417	38.209383
1947	2015-03-21	-122.02244	37.46243
1948	2015-03-21	-121.98019	37.46041
1949	2015-03-21	-121.98274	37.46601
1950	2015-03-21	-121.98306	37.42966
1951	2015-03-22	-121.9525	37.46251
1952	2015-03-22	-121.9462	37.46411
1953	2015-03-22	-121.93987	37.46289
1954	2015-03-22	-121.96461	37.4592
1955	2015-03-22	-121.96597	37.45264
1956	2015-03-22	-121.96207	37.44455
1957	2015-03-22	-121.947209	37.467216
1958	2015-03-24	-122.52125	38.14198
1959	2015-03-24	-122.51256	38.12967
1960	2015-03-24	-122.547383	38.194433
1961	2015-03-24	-122.53321	38.16699
1962	2015-03-24	-122.583167	38.214533
1963	2015-03-21	-122.03674	37.46186
1964	2015-03-21	-122.03674	37.46186
1965	2015-03-21	-122.041934	37.458495
1966	2015-03-21	-121.97608	37.46187
1967	2015-03-21	-121.99992	37.44
1968	2015-03-21	-121.97658	37.46024
1969	2015-03-21	-122.02489	37.4557
1970	2015-03-22	-121.96486	37.46358
1971	2015-03-22	-121.95162	37.46141
1972	2015-03-22	-121.96207	37.44455
2005	2015-05-29	-122.29369	38.25166
2007	2015-05-29	NA	NA
2008	2015-05-29	NA	NA
2009	2015-05-29	NA	NA
2010	2015-05-29	-122.286	38.26634
